# age_distribution.txt
#Generated at 06-05-2018 08:01:19
# Age of address type (age = IANA Allocation date)
# Column 1 - time (using fractional year units)
# Column 2 - time (using yyymm format)
# Column 3 - Unadvertised addresses
# Column 4 - Advertised addresses
# Column 5 - Assigned addresses (col4 + col5)
# Column 6 - Cumulative Unadvertised addresses
# Column 7 - Cumulative Advertised addresses
# Column 8 - Cumulative Assigned addresses (col4 + col5)
#
1983.00 198300  0 1280 1280 0 1280 1280
1983.08 198301  256 256 512 256 1536 1792
1983.17 198302  188160 205056 393216 188416 206592 395008
1983.25 198303  0 256 256 188416 206848 395264
1983.33 198304  256 256 512 188672 207104 395776
1983.42 198305  131328 262912 394240 320000 470016 790016
1983.50 198306  0 262144 262144 320000 732160 1052160
1983.58 198307  768 66816 67584 320768 798976 1119744
1983.67 198308  84480 17019392 17103872 405248 17818368 18223616
1983.75 198309  0 0 0 405248 17818368 18223616
1983.83 198310  65536 197120 262656 470784 18015488 18486272
1983.92 198311  65536 0 65536 536320 18015488 18551808
1984.00 198400  256 65792 66048 536576 18081280 18617856
1984.08 198401  17116160 3514368 20630528 17652736 21595648 39248384
1984.17 198402  512 65792 66304 17653248 21661440 39314688
1984.25 198403  131072 66048 197120 17784320 21727488 39511808
1984.33 198404  1024 131840 132864 17785344 21859328 39644672
1984.42 198405  256 65536 65792 17785600 21924864 39710464
1984.50 198406  512 256 768 17786112 21925120 39711232
1984.58 198407  132608 768 133376 17918720 21925888 39844608
1984.67 198408  512 262656 263168 17919232 22188544 40107776
1984.75 198409  768 1280 2048 17920000 22189824 40109824
1984.83 198410  1024 131328 132352 17921024 22321152 40242176
1984.92 198411  114944 16896 131840 18035968 22338048 40374016
1985.00 198500  0 512 512 18035968 22338560 40374528
1985.08 198501  16640 311552 328192 18052608 22650112 40702720
1985.17 198502  768 262144 262912 18053376 22912256 40965632
1985.25 198503  0 131328 131328 18053376 23043584 41096960
1985.33 198504  67584 1280 68864 18120960 23044864 41165824
1985.42 198505  512 131328 131840 18121472 23176192 41297664
1985.50 198506  512 0 512 18121984 23176192 41298176
1985.58 198507  65792 66560 132352 18187776 23242752 41430528
1985.67 198508  256 131840 132096 18188032 23374592 41562624
1985.75 198509  36608 101120 137728 18224640 23475712 41700352
1985.83 198510  68352 1536 69888 18292992 23477248 41770240
1985.92 198511  128512 139520 268032 18421504 23616768 42038272
1986.00 198600  66048 4352 70400 18487552 23621120 42108672
1986.08 198601  131328 395008 526336 18618880 24016128 42635008
1986.17 198602  19456 508928 528384 18638336 24525056 43163392
1986.25 198603  35584 266240 301824 18673920 24791296 43465216
1986.33 198604  9068800 1496832 10565632 27742720 26288128 54030848
1986.42 198605  66048 196608 262656 27808768 26484736 54293504
1986.50 198606  70400 144128 214528 27879168 26628864 54508032
1986.58 198607  71168 272128 343296 27950336 26900992 54851328
1986.67 198608  95744 147712 243456 28046080 27048704 55094784
1986.75 198609  379392 1189120 1568512 28425472 28237824 56663296
1986.83 198610  66304 196864 263168 28491776 28434688 56926464
1986.92 198611  2560 95744 98304 28494336 28530432 57024768
1987.00 198700  256 140544 140800 28494592 28670976 57165568
1987.08 198701  206080 690688 896768 28700672 29361664 58062336
1987.17 198702  1792 263424 265216 28702464 29625088 58327552
1987.25 198703  383232 475136 858368 29085696 30100224 59185920
1987.33 198704  67072 67584 134656 29152768 30167808 59320576
1987.42 198705  70144 1049088 1119232 29222912 31216896 60439808
1987.50 198706  198144 1115392 1313536 29421056 32332288 61753344
1987.58 198707  276224 909824 1186048 29697280 33242112 62939392
1987.67 198708  197632 462848 660480 29894912 33704960 63599872
1987.75 198709  136704 787456 924160 30031616 34492416 64524032
1987.83 198710  181248 1158400 1339648 30212864 35650816 65863680
1987.92 198711  67328 1115392 1182720 30280192 36766208 67046400
1988.00 198800  369920 1150464 1520384 30650112 37916672 68566784
1988.08 198801  432384 1078272 1510656 31082496 38994944 70077440
1988.17 198802  8813824 1065728 9879552 39896320 40060672 79956992
1988.25 198803  574464 1991936 2566400 40470784 42052608 82523392
1988.33 198804  918528 1389312 2307840 41389312 43441920 84831232
1988.42 198805  313088 681984 995072 41702400 44123904 85826304
1988.50 198806  17180416 2009856 19190272 58882816 46133760 105016576
1988.58 198807  398592 1126912 1525504 59281408 47260672 106542080
1988.67 198808  986624 2574336 3560960 60268032 49835008 110103040
1988.75 198809  713664 1722688 2436352 60981696 51557696 112539392
1988.83 198810  785152 3407360 4192512 61766848 54965056 116731904
1988.92 198811  887296 2671104 3558400 62654144 57636160 120290304
1989.00 198900  17212672 2081792 19294464 79866816 59717952 139584768
1989.08 198901  2388736 4561664 6950400 82255552 64279616 146535168
1989.17 198902  15279616 2546944 17826560 97535168 66826560 164361728
1989.25 198903  943360 4277504 5220864 98478528 71104064 169582592
1989.33 198904  1569536 2567168 4136704 100048064 73671232 173719296
1989.42 198905  1009152 19665920 20675072 101057216 93337152 194394368
1989.50 198906  17565184 2662656 20227840 118622400 95999808 214622208
1989.58 198907  991744 2764544 3756288 119614144 98764352 218378496
1989.67 198908  7079168 2034176 9113344 126693312 100798528 227491840
1989.75 198909  1929984 2478848 4408832 128623296 103277376 231900672
1989.83 198910  976128 3641856 4617984 129599424 106919232 236518656
1989.92 198911  1718272 4551168 6269440 131317696 111470400 242788096
1990.00 199000  500224 2461440 2961664 131817920 113931840 245749760
1990.08 199001  2054912 3779328 5834240 133872832 117711168 251584000
1990.17 199002  886272 3015424 3901696 134759104 120726592 255485696
1990.25 199003  3221248 12191488 15412736 137980352 132918080 270898432
1990.33 199004  7197952 21405696 28603648 145178304 154323776 299502080
1990.42 199005  2355968 22091264 24447232 147534272 176415040 323949312
1990.50 199006  2749440 8113152 10862592 150283712 184528192 334811904
1990.58 199007  1860096 3373824 5233920 152143808 187902016 340045824
1990.67 199008  628224 5047552 5675776 152772032 192949568 345721600
1990.75 199009  1556736 2803968 4360704 154328768 195753536 350082304
1990.83 199010  1906176 2879232 4785408 156234944 198632768 354867712
1990.92 199011  2336768 4508160 6844928 158571712 203140928 361712640
1991.00 199100  19611648 3562496 23174144 178183360 206703424 384886784
1991.08 199101  21508096 4465408 25973504 199691456 211168832 410860288
1991.17 199102  2737408 4305152 7042560 202428864 215473984 417902848
1991.25 199103  17801216 3932160 21733376 220230080 219406144 439636224
1991.33 199104  4182784 33588480 37771264 224412864 252994624 477407488
1991.42 199105  4517856 13517856 18035712 228930720 266512480 495443200
1991.50 199106  2866432 5569792 8436224 231797152 272082272 503879424
1991.58 199107  52915200 4507136 57422336 284712352 276589408 561301760
1991.67 199108  3809024 4816384 8625408 288521376 281405792 569927168
1991.75 199109  4757248 7196416 11953664 293278624 288602208 581880832
1991.83 199110  2032128 1846528 3878656 295310752 290448736 585759488
1991.92 199111  2028288 2485760 4514048 297339040 292934496 590273536
1992.00 199200  2918144 9230080 12148224 300257184 302164576 602421760
1992.08 199201  4812032 10835712 15647744 305069216 313000288 618069504
1992.17 199202  5437696 11376896 16814592 310506912 324377184 634884096
1992.25 199203  14425600 25880832 40306432 324932512 350258016 675190528
1992.33 199204  3690496 6820352 10510848 328623008 357078368 685701376
1992.42 199205  3341824 4709888 8051712 331964832 361788256 693753088
1992.50 199206  5832960 7926272 13759232 337797792 369714528 707512320
1992.58 199207  3755520 22775040 26530560 341553312 392489568 734042880
1992.67 199208  4176896 5580288 9757184 345730208 398069856 743800064
1992.75 199209  3673600 3313152 6986752 349403808 401383008 750786816
1992.83 199210  2572288 3089408 5661696 351976096 404472416 756448512
1992.92 199211  19101952 2855424 21957376 371078048 407327840 778405888
1993.00 199300  6808832 32453632 39262464 377886880 439781472 817668352
1993.08 199301  2561664 3667456 6229120 380448544 443448928 823897472
1993.17 199302  2566144 2891264 5457408 383014688 446340192 829354880
1993.25 199303  6138112 8207616 14345728 389152800 454547808 843700608
1993.33 199304  4925632 5612352 10537984 394078432 460160160 854238592
1993.42 199305  3830144 4396928 8227072 397908576 464557088 862465664
1993.50 199306  3463680 20709376 24173056 401372256 485266464 886638720
1993.58 199307  4468736 11148032 15616768 405840992 496414496 902255488
1993.67 199308  7641344 3914752 11556096 413482336 500329248 913811584
1993.75 199309  27209216 30803456 58012672 440691552 531132704 971824256
1993.83 199310  2476544 3041024 5517568 443168096 534173728 977341824
1993.92 199311  3906816 2843136 6749952 447074912 537016864 984091776
1994.00 199400  2458368 3233024 5691392 449533280 540249888 989783168
1994.08 199401  3826944 14036224 17863168 453360224 554286112 1007646336
1994.17 199402  19557120 7033856 26590976 472917344 561319968 1034237312
1994.25 199403  3518208 3954688 7472896 476435552 565274656 1041710208
1994.33 199404  6179072 8595456 14774528 482614624 573870112 1056484736
1994.42 199405  2402816 4200704 6603520 485017440 578070816 1063088256
1994.50 199406  1312256 2542336 3854592 486329696 580613152 1066942848
1994.58 199407  1243904 19149568 20393472 487573600 599762720 1087336320
1994.67 199408  1957376 4248064 6205440 489530976 604010784 1093541760
1994.75 199409  1514752 3431168 4945920 491045728 607441952 1098487680
1994.83 199410  1297912 2987016 4284928 492343640 610428968 1102772608
1994.92 199411  1382400 2435840 3818240 493726040 612864808 1106590848
1995.00 199500  1135104 2105344 3240448 494861144 614970152 1109831296
1995.08 199501  17942016 2063104 20005120 512803160 617033256 1129836416
1995.17 199502  8370432 5829632 14200064 521173592 622862888 1144036480
1995.25 199503  1921536 4308224 6229760 523095128 627171112 1150266240
1995.33 199504  1468160 2931200 4399360 524563288 630102312 1154665600
1995.42 199505  17616384 3691776 21308160 542179672 633794088 1175973760
1995.50 199506  750848 1763328 2514176 542930520 635557416 1178487936
1995.58 199507  494848 1986560 2481408 543425368 637543976 1180969344
1995.67 199508  1178880 4071936 5250816 544604248 641615912 1186220160
1995.75 199509  581376 2705664 3287040 545185624 644321576 1189507200
1995.83 199510  1079040 3663872 4742912 546264664 647985448 1194250112
1995.92 199511  383488 2461952 2845440 546648152 650447400 1197095552
1996.00 199600  276992 4117248 4394240 546925144 654564648 1201489792
1996.08 199601  389824 3409984 3799808 547314968 657974632 1205289600
1996.17 199602  364544 3802624 4167168 547679512 661777256 1209456768
1996.25 199603  17676544 7927808 25604352 565356056 669705064 1235061120
1996.33 199604  9167872 9215232 18383104 574523928 678920296 1253444224
1996.42 199605  412224 7846144 8258368 574936152 686766440 1261702592
1996.50 199606  456960 3180288 3637248 575393112 689946728 1265339840
1996.58 199607  987136 2376192 3363328 576380248 692322920 1268703168
1996.67 199608  717568 2490368 3207936 577097816 694813288 1271911104
1996.75 199609  850076 3543972 4394048 577947892 698357260 1276305152
1996.83 199610  403200 19816704 20219904 578351092 718173964 1296525056
1996.92 199611  363008 2595584 2958592 578714100 720769548 1299483648
1997.00 199700  459776 3401984 3861760 579173876 724171532 1303345408
1997.08 199701  204288 1337600 1541888 579378164 725509132 1304887296
1997.17 199702  220924 2100228 2321152 579599088 727609360 1307208448
1997.25 199703  8540928 13191936 21732864 588140016 740801296 1328941312
1997.33 199704  550400 2474496 3024896 588690416 743275792 1331966208
1997.42 199705  432640 2237696 2670336 589123056 745513488 1334636544
1997.50 199706  722432 1510400 2232832 589845488 747023888 1336869376
1997.58 199707  434944 2331648 2766592 590280432 749355536 1339635968
1997.67 199708  195840 2987520 3183360 590476272 752343056 1342819328
1997.75 199709  226048 1401344 1627392 590702320 753744400 1344446720
1997.83 199710  178176 1942528 2120704 590880496 755686928 1346567424
1997.92 199711  16958208 1649920 18608128 607838704 757336848 1365175552
1998.00 199800  94432 1600288 1694720 607933136 758937136 1366870272
1998.08 199801  69632 914432 984064 608002768 759851568 1367854336
1998.17 199802  102400 1022464 1124864 608105168 760874032 1368979200
1998.25 199803  386816 18815488 19202304 608491984 779689520 1388181504
1998.33 199804  307712 1464064 1771776 608799696 781153584 1389953280
1998.42 199805  4127744 5330688 9458432 612927440 786484272 1399411712
1998.50 199806  8484608 9953792 18438400 621412048 796438064 1417850112
1998.58 199807  207360 5934336 6141696 621619408 802372400 1423991808
1998.67 199808  357376 2751744 3109120 621976784 805124144 1427100928
1998.75 199809  31488 2195712 2227200 622008272 807319856 1429328128
1998.83 199810  57600 1646336 1703936 622065872 808966192 1431032064
1998.92 199811  127488 2530048 2657536 622193360 811496240 1433689600
1999.00 199900  31872 1623808 1655680 622225232 813120048 1435345280
1999.08 199901  80896 5704192 5785088 622306128 818824240 1441130368
1999.17 199902  74496 2135296 2209792 622380624 820959536 1443340160
1999.25 199903  1196800 3404800 4601600 623577424 824364336 1447941760
1999.33 199904  67840 2112768 2180608 623645264 826477104 1450122368
1999.42 199905  268288 4145408 4413696 623913552 830622512 1454536064
1999.50 199906  164864 4172032 4336896 624078416 834794544 1458872960
1999.58 199907  78848 1843200 1922048 624157264 836637744 1460795008
1999.67 199908  279296 3386880 3666176 624436560 840024624 1464461184
1999.75 199909  77312 3607040 3684352 624513872 843631664 1468145536
1999.83 199910  182016 1968128 2150144 624695888 845599792 1470295680
1999.92 199911  424448 7827712 8252160 625120336 853427504 1478547840
2000.00 200000  273408 4887552 5160960 625393744 858315056 1483708800
2000.08 200001  94464 2747904 2842368 625488208 861062960 1486551168
2000.17 200002  223488 4946688 5170176 625711696 866009648 1491721344
2000.25 200003  457984 11006976 11464960 626169680 877016624 1503186304
2000.33 200004  271104 5125888 5396992 626440784 882142512 1508583296
2000.42 200005  262272 6048000 6310272 626703056 888190512 1514893568
2000.50 200006  420192 6978048 7398240 627123248 895168560 1522291808
2000.58 200007  145664 4136704 4282368 627268912 899305264 1526574176
2000.67 200008  336512 7316224 7652736 627605424 906621488 1534226912
2000.75 200009  380128 8876320 9256448 627985552 915497808 1543483360
2000.83 200010  229888 9041408 9271296 628215440 924539216 1552754656
2000.92 200011  179200 5230336 5409536 628394640 929769552 1558164192
2001.00 200100  115712 5053440 5169152 628510352 934822992 1563333344
2001.08 200101  291456 9147392 9438848 628801808 943970384 1572772192
2001.17 200102  216064 4054016 4270080 629017872 948024400 1577042272
2001.25 200103  243488 5853696 6097184 629261360 953878096 1583139456
2001.33 200104  192704 8821248 9013952 629454064 962699344 1592153408
2001.42 200105  244480 5689600 5934080 629698544 968388944 1598087488
2001.50 200106  210176 8038400 8248576 629908720 976427344 1606336064
2001.58 200107  185088 4738816 4923904 630093808 981166160 1611259968
2001.67 200108  615680 6356224 6971904 630709488 987522384 1618231872
2001.75 200109  99360 7064064 7163424 630808848 994586448 1625395296
2001.83 200110  52224 9461760 9513984 630861072 1004048208 1634909280
2001.92 200111  328448 9781504 10109952 631189520 1013829712 1645019232
2002.00 200200  83968 3305472 3389440 631273488 1017135184 1648408672
2002.08 200201  321600 3091968 3413568 631595088 1020227152 1651822240
2002.17 200202  90112 6258432 6348544 631685200 1026485584 1658170784
2002.25 200203  293632 7640832 7934464 631978832 1034126416 1666105248
2002.33 200204  293888 10995200 11289088 632272720 1045121616 1677394336
2002.42 200205  417536 2487296 2904832 632690256 1047608912 1680299168
2002.50 200206  148360 3241216 3389576 632838616 1050850128 1683688744
2002.58 200207  45824 7407104 7452928 632884440 1058257232 1691141672
2002.67 200208  137920 3893504 4031424 633022360 1062150736 1695173096
2002.75 200209  273536 2424832 2698368 633295896 1064575568 1697871464
2002.83 200210  209152 7181568 7390720 633505048 1071757136 1705262184
2002.92 200211  319488 3838976 4158464 633824536 1075596112 1709420648
2003.00 200300  531200 6925312 7456512 634355736 1082521424 1716877160
2003.08 200301  79552 11208704 11288256 634435288 1093730128 1728165416
2003.17 200302  470560 7638528 8109088 634905848 1101368656 1736274504
2003.25 200303  85888 4229376 4315264 634991736 1105598032 1740589768
2003.33 200304  57856 4924928 4982784 635049592 1110522960 1745572552
2003.42 200305  159808 3181824 3341632 635209400 1113704784 1748914184
2003.50 200306  109056 4322560 4431616 635318456 1118027344 1753345800
2003.58 200307  214816 4552192 4767008 635533272 1122579536 1758112808
2003.67 200308  253952 5911808 6165760 635787224 1128491344 1764278568
2003.75 200309  165888 7663872 7829760 635953112 1136155216 1772108328
2003.83 200310  124672 8801792 8926464 636077784 1144957008 1781034792
2003.92 200311  241536 8399104 8640640 636319320 1153356112 1789675432
2004.00 200400  327424 12086272 12413696 636646744 1165442384 1802089128
2004.08 200401  595968 6859776 7455744 637242712 1172302160 1809544872
2004.17 200402  221952 8429824 8651776 637464664 1180731984 1818196648
2004.25 200403  455424 14327552 14782976 637920088 1195059536 1832979624
2004.33 200404  3131808 14456832 17588640 641051896 1209516368 1850568264
2004.42 200405  168064 10384128 10552192 641219960 1219900496 1861120456
2004.50 200406  78816 9707008 9785824 641298776 1229607504 1870906280
2004.58 200407  177920 10370816 10548736 641476696 1239978320 1881455016
2004.67 200408  354848 8984832 9339680 641831544 1248963152 1890794696
2004.75 200409  171776 8800768 8972544 642003320 1257763920 1899767240
2004.83 200410  160000 7971328 8131328 642163320 1265735248 1907898568
2004.92 200411  380544 6472704 6853248 642543864 1272207952 1914751816
2005.00 200500  4285952 5369344 9655296 646829816 1277577296 1924407112
2005.08 200501  353024 8416512 8769536 647182840 1285993808 1933176648
2005.17 200502  483584 24773888 25257472 647666424 1310767696 1958434120
2005.25 200503  963200 15396608 16359808 648629624 1326164304 1974793928
2005.33 200504  4009088 26417664 30426752 652638712 1352581968 2005220680
2005.42 200505  292096 16080640 16372736 652930808 1368662608 2021593416
2005.50 200506  665472 14661376 15326848 653596280 1383323984 2036920264
2005.58 200507  166720 11293440 11460160 653763000 1394617424 2048380424
2005.67 200508  249600 16702976 16952576 654012600 1411320400 2065333000
2005.75 200509  175872 8803840 8979712 654188472 1420124240 2074312712
2005.83 200510  162048 10208000 10370048 654350520 1430332240 2084682760
2005.92 200511  905096 8148992 9054088 655255616 1438481232 2093736848
2006.00 200600  165376 4725504 4890880 655420992 1443206736 2098627728
2006.08 200601  166400 14301696 14468096 655587392 1457508432 2113095824
2006.17 200602  216896 14126848 14343744 655804288 1471635280 2127439568
2006.25 200603  1250848 17925120 19175968 657055136 1489560400 2146615536
2006.33 200604  255584 9699328 9954912 657310720 1499259728 2156570448
2006.42 200605  1099296 13924352 15023648 658410016 1513184080 2171594096
2006.50 200606  393768 9360512 9754280 658803784 1522544592 2181348376
2006.58 200607  2330880 17237248 19568128 661134664 1539781840 2200916504
2006.67 200608  917504 9343232 10260736 662052168 1549125072 2211177240
2006.75 200609  398976 15929344 16328320 662451144 1565054416 2227505560
2006.83 200610  329408 9867264 10196672 662780552 1574921680 2237702232
2006.92 200611  153856 19350272 19504128 662934408 1594271952 2257206360
2007.00 200700  533696 10483968 11017664 663468104 1604755920 2268224024
2007.08 200701  634176 17070848 17705024 664102280 1621826768 2285929048
2007.17 200702  460064 17083648 17543712 664562344 1638910416 2303472760
2007.25 200703  1539488 17945600 19485088 666101832 1656856016 2322957848
2007.33 200704  868064 11713024 12581088 666969896 1668569040 2335538936
2007.42 200705  3644160 18000384 21644544 670614056 1686569424 2357183480
2007.50 200706  388032 19603456 19991488 671002088 1706172880 2377174968
2007.58 200707  1664576 18185472 19850048 672666664 1724358352 2397025016
2007.67 200708  595712 18142976 18738688 673262376 1742501328 2415763704
2007.75 200709  820096 9382656 10202752 674082472 1751883984 2425966456
2007.83 200710  944896 13792000 14736896 675027368 1765675984 2440703352
2007.92 200711  1140576 11716608 12857184 676167944 1777392592 2453560536
2008.00 200800  842240 8871936 9714176 677010184 1786264528 2463274712
2008.08 200801  574464 9166848 9741312 677584648 1795431376 2473016024
2008.17 200802  394528 32733696 33128224 677979176 1828165072 2506144248
2008.25 200803  893568 13728000 14621568 678872744 1841893072 2520765816
2008.33 200804  1434624 25680128 27114752 680307368 1867573200 2547880568
2008.42 200805  912224 13120512 14032736 681219592 1880693712 2561913304
2008.50 200806  545808 14955264 15501072 681765400 1895648976 2577414376
2008.58 200807  1101568 14946816 16048384 682866968 1910595792 2593462760
2008.67 200808  1049352 9513728 10563080 683916320 1920109520 2604025840
2008.75 200809  1444640 12519936 13964576 685360960 1932629456 2617990416
2008.83 200810  473360 8793600 9266960 685834320 1941423056 2627257376
2008.92 200811  809984 15008768 15818752 686644304 1956431824 2643076128
2009.00 200900  372616 18378496 18751112 687016920 1974810320 2661827240
2009.08 200901  1212544 12214528 13427072 688229464 1987024848 2675254312
2009.17 200902  438560 19752704 20191264 688668024 2006777552 2695445576
2009.25 200903  1041152 8749824 9790976 689709176 2015527376 2705236552
2009.33 200904  615424 15141504 15756928 690324600 2030668880 2720993480
2009.42 200905  421632 18017792 18439424 690746232 2048686672 2739432904
2009.50 200906  1040960 11980032 13020992 691787192 2060666704 2752453896
2009.58 200907  676104 17620480 18296584 692463296 2078287184 2770750480
2009.67 200908  633600 10788096 11421696 693096896 2089075280 2782172176
2009.75 200909  359808 6148352 6508160 693456704 2095223632 2788680336
2009.83 200910  762880 16516096 17278976 694219584 2111739728 2805959312
2009.92 200911  1341192 19237632 20578824 695560776 2130977360 2826538136
2010.00 201000  504288 13169952 13674240 696065064 2144147312 2840212376
2010.08 201001  796928 16575488 17372416 696861992 2160722800 2857584792
2010.17 201002  1685568 10129152 11814720 698547560 2170851952 2869399512
2010.25 201003  1294944 18267648 19562592 699842504 2189119600 2888962104
2010.33 201004  343328 20413184 20756512 700185832 2209532784 2909718616
2010.42 201005  1919520 20542784 22462304 702105352 2230075568 2932180920
2010.50 201006  966656 14296608 15263264 703072008 2244372176 2947444184
2010.58 201007  1296896 17815680 19112576 704368904 2262187856 2966556760
2010.67 201008  1982912 19528960 21511872 706351816 2281716816 2988068632
2010.75 201009  1035776 17217024 18252800 707387592 2298933840 3006321432
2010.83 201010  2316800 22330880 24647680 709704392 2321264720 3030969112
2010.92 201011  2439104 17731840 20170944 712143496 2338996560 3051140056
2011.00 201100  3103488 26558464 29661952 715246984 2365555024 3080802008
2011.08 201101  3454432 31584640 35039072 718701416 2397139664 3115841080
2011.17 201102  7883536 23950080 31833616 726584952 2421089744 3147674696
2011.25 201103  7286462 41823234 49109696 733871414 2462912978 3196784392
2011.33 201104  3164672 20027136 23191808 737036086 2482940114 3219976200
2011.42 201105  279936 14385920 14665856 737316022 2497326034 3234642056
2011.50 201106  815100 8439300 9254400 738131122 2505765334 3243896456
2011.58 201107  748032 9054208 9802240 738879154 2514819542 3253698696
2011.67 201108  343040 3182080 3525120 739222194 2518001622 3257223816
2011.75 201109  651904 6373376 7025280 739874098 2524374998 3264249096
2011.83 201110  238080 3602944 3841024 740112178 2527977942 3268090120
2011.92 201111  170496 4533760 4704256 740282674 2532511702 3272794376
2012.00 201200  478224 7328256 7806480 740760898 2539839958 3280600856
2012.08 201201  246912 6010624 6257536 741007810 2545850582 3286858392
2012.17 201202  415744 14020864 14436608 741423554 2559871446 3301295000
2012.25 201203  308736 8491520 8800256 741732290 2568362966 3310095256
2012.33 201204  444672 7990016 8434688 742176962 2576352982 3318529944
2012.42 201205  289312 5757440 6046752 742466274 2582110422 3324576696
2012.50 201206  1155840 12743680 13899520 743622114 2594854102 3338476216
2012.58 201207  133888 4806144 4940032 743756002 2599660246 3343416248
2012.67 201208  284096 8852224 9136320 744040098 2608512470 3352552568
2012.75 201209  370496 8897024 9267520 744410594 2617409494 3361820088
2012.83 201210  96256 4658944 4755200 744506850 2622068438 3366575288
2012.92 201211  505856 3705856 4211712 745012706 2625774294 3370787000
2013.00 201300  131072 5028096 5159168 745143778 2630802390 3375946168
2013.08 201301  205824 3737856 3943680 745349602 2634540246 3379889848
2013.17 201302  101888 4355072 4456960 745451490 2638895318 3384346808
2013.25 201303  286464 5509632 5796096 745737954 2644404950 3390142904
2013.33 201304  199424 2302720 2502144 745937378 2646707670 3392645048
2013.42 201305  700288 3835008 4535296 746637666 2650542678 3397180344
2013.50 201306  306688 4884992 5191680 746944354 2655427670 3402372024
2013.58 201307  312832 6028800 6341632 747257186 2661456470 3408713656
2013.67 201308  212736 4089088 4301824 747469922 2665545558 3413015480
2013.75 201309  1203968 5361664 6565632 748673890 2670907222 3419581112
2013.83 201310  403200 4691456 5094656 749077090 2675598678 3424675768
2013.92 201311  841984 9729536 10571520 749919074 2685328214 3435247288
2014.00 201400  200704 4993280 5193984 750119778 2690321494 3440441272
2014.08 201401  97280 6416128 6513408 750217058 2696737622 3446954680
2014.17 201402  336384 2896128 3232512 750553442 2699633750 3450187192
2014.25 201403  168704 8992512 9161216 750722146 2708626262 3459348408
2014.33 201404  331264 8689664 9020928 751053410 2717315926 3468369336
2014.42 201405  319744 5254912 5574656 751373154 2722570838 3473943992
2014.50 201406  830464 6313216 7143680 752203618 2728884054 3481087672
2014.58 201407  394496 2880256 3274752 752598114 2731764310 3484362424
2014.67 201408  605952 4096000 4701952 753204066 2735860310 3489064376
2014.75 201409  192992 2080800 2273792 753397058 2737941110 3491338168
2014.83 201410  232448 3588352 3820800 753629506 2741529462 3495158968
2014.92 201411  297472 2640640 2938112 753926978 2744170102 3498097080
2015.00 201500  465920 5067520 5533440 754392898 2749237622 3503630520
2015.08 201501  153856 3991040 4144896 754546754 2753228662 3507775416
2015.17 201502  531968 6001152 6533120 755078722 2759229814 3514308536
2015.25 201503  802304 3889920 4692224 755881026 2763119734 3519000760
2015.33 201504  733888 2182208 2916096 756614914 2765301942 3521916856
2015.42 201505  306176 2126592 2432768 756921090 2767428534 3524349624
2015.50 201506  218112 2943488 3161600 757139202 2770372022 3527511224
2015.58 201507  360960 4228352 4589312 757500162 2774600374 3532100536
2015.67 201508  382720 5385984 5768704 757882882 2779986358 3537869240
2015.75 201509  678144 7449856 8128000 758561026 2787436214 3545997240
2015.83 201510  284928 3483648 3768576 758845954 2790919862 3549765816
2015.92 201511  1068032 11848960 12916992 759913986 2802768822 3562682808
2016.00 201600  143360 4418816 4562176 760057346 2807187638 3567244984
2016.08 201601  404480 4895488 5299968 760461826 2812083126 3572544952
2016.17 201602  173056 948480 1121536 760634882 2813031606 3573666488
2016.25 201603  1460992 1058304 2519296 762095874 2814089910 3576185784
2016.33 201604  1542144 2534144 4076288 763638018 2816624054 3580262072
2016.42 201605  419328 809472 1228800 764057346 2817433526 3581490872
2016.50 201606  652544 786688 1439232 764709890 2818220214 3582930104
2016.58 201607  102144 701184 803328 764812034 2818921398 3583733432
2016.67 201608  1544704 5726464 7271168 766356738 2824647862 3591004600
2016.75 201609  172800 8206592 8379392 766529538 2832854454 3599383992
2016.83 201610  551936 2670592 3222528 767081474 2835525046 3602606520
2016.92 201611  198144 777216 975360 767279618 2836302262 3603581880
2017.00 201700  382720 1794560 2177280 767662338 2838096822 3605759160
2017.08 201701  203520 1383424 1586944 767865858 2839480246 3607346104
2017.17 201702  283392 2910720 3194112 768149250 2842390966 3610540216
2017.25 201703  423168 4048896 4472064 768572418 2846439862 3615012280
2017.33 201704  621312 4410880 5032192 769193730 2850850742 3620044472
2017.42 201705  592384 1310720 1903104 769786114 2852161462 3621947576
2017.50 201706  1645824 1672704 3318528 771431938 2853834166 3625266104
2017.58 201707  453632 1698304 2151936 771885570 2855532470 3627418040
2017.67 201708  378112 1105920 1484032 772263682 2856638390 3628902072
2017.75 201709  434176 3532800 3966976 772697858 2860171190 3632869048
2017.83 201710  13986816 1289728 15276544 786684674 2861460918 3648145592
2017.92 201711  2487808 847360 3335168 789172482 2862308278 3651480760
2018.00 201800  9441792 938496 10380288 798614274 2863246774 3661861048
2018.08 201801  2308096 1121792 3429888 800922370 2864368566 3665290936
2018.17 201802  637952 904960 1542912 801560322 2865273526 3666833848
2018.25 201803  658944 1089024 1747968 802219266 2866362550 3668581816
2018.33 201804  690688 403968 1094656 802909954 2866766518 3669676472
2018.42 201805  331264 56576 387840 803241218 2866823094 3670064312
