# slash8.txt
#Generated at 06-05-2018 08:01:19
# Units are IPv4 individual addresses (/32)
# Breakdown of address types for each /8 address block
# Column 1  - /8 block
# Column 2  - IETF Reserved address space
# Column 3  - Multicast Address space
# Column 4  - IANA Pool size
# Column 5  - RIR Free Pool size
# Column 6  - RIR Reserved Pool size
# Column 7  - Unadvertised (Assigned but not advertised) address space
# Column 8  - Advertised (Assigned and advertised) address space
# Column 9  - APNIC assigned address space
# Column 10 - ARIN assigned address space
# Column 11 - RIPENCC assigned address space
# Column 12 - LACNIC assigned address space
# Column 13 - AFRINIC assigned address space
# Column 14 - IANA assigned address space
#
0 16777216 0 0 0 0 0 0 0 0 0 0 0 0
1 0 0 0 0 0 1125632 15651584 16777216 0 0 0 0 0
2 0 0 0 262144 0 24832 16490240 0 0 16515072 0 0 0
3 0 0 0 0 0 16777216 0 0 16777216 0 0 0 0
4 0 0 0 0 0 0 16777216 0 16777216 0 0 0 0
5 0 0 0 432128 0 521984 15823104 0 0 16345088 0 0 0
6 0 0 0 0 0 16162560 614656 0 16777216 0 0 0 0
7 0 0 0 0 0 16776960 256 0 16777216 0 0 0 0
8 0 0 0 0 0 5242880 11534336 5242880 11534336 0 0 0 0
9 0 0 0 0 0 16776960 256 0 16777216 0 0 0 0
10 16777216 0 0 0 0 0 0 0 0 0 0 0 0
11 0 0 0 0 0 16777216 0 0 16777216 0 0 0 0
12 0 0 0 0 0 0 16777216 0 16777216 0 0 0 0
13 0 0 0 0 0 10658048 6119168 0 14680064 2097152 0 0 0
14 0 0 0 0 3072 1811712 14967552 16778240 1024 0 0 0 0
15 0 0 0 0 0 0 16777216 0 16777216 0 0 0 0
16 0 0 0 0 0 0 16777216 0 16777216 0 0 0 0
17 0 0 0 0 0 0 16777216 0 16777216 0 0 0 0
18 0 0 0 0 0 2399488 14377728 0 16777216 0 0 0 0
19 0 0 0 0 0 16777216 0 0 16777216 0 0 0 0
20 0 0 0 0 0 14394368 2382848 0 16777216 0 0 0 0
21 0 0 0 0 0 16775424 1792 0 16777216 0 0 0 0
22 0 0 0 0 0 16777216 0 0 16777216 0 0 0 0
23 0 0 0 0 4138752 638688 11999776 7168 12500224 131072 0 0 0
24 0 0 0 0 32768 369152 16381184 22528 16400128 262144 65536 0 0
25 0 0 0 0 0 16774656 2560 0 0 16777216 0 0 0
26 0 0 0 0 0 16777216 0 0 16777216 0 0 0 0
27 0 0 0 0 1024 781472 15994720 16776192 0 0 0 0 0
28 0 0 0 0 0 16777216 0 0 16777216 0 0 0 0
29 0 0 0 0 0 16777216 0 0 16777216 0 0 0 0
30 0 0 0 0 0 16777216 0 0 16777216 0 0 0 0
31 0 0 0 51200 2048 547840 16176128 0 3072 16720896 0 0 0
32 0 0 0 0 0 0 16777216 0 16777216 0 0 0 0
33 0 0 0 0 0 16777216 0 0 16777216 0 0 0 0
34 0 0 0 0 0 12582912 4194304 0 16777216 0 0 0 0
35 0 0 0 0 0 5050624 11726592 0 16777216 0 0 0 0
36 0 0 0 0 67584 1498624 15217920 16716544 0 0 0 0 0
37 0 0 0 47104 16384 572928 16140800 65536 0 16648192 0 0 0
38 0 0 0 0 0 0 16777216 0 16777216 0 0 0 0
39 0 0 0 0 0 769024 16008192 16777216 0 0 0 0 0
40 0 0 0 0 0 0 16777216 180224 16596992 0 0 0 0
41 0 0 0 312320 58368 1108224 15298304 0 0 0 0 16406528 0
42 0 0 0 0 1024 5179136 11599104 16778240 0 0 0 0 0
43 0 0 0 1024 11264 15339008 1425920 16762880 1024 1024 0 0 0
44 0 0 0 0 0 0 16777216 0 16777216 0 0 0 0
45 0 0 0 6166016 171520 1318400 9121280 1690112 3900416 49152 1195776 3604224 0
46 0 0 0 22528 12288 623872 16398592 0 0 17022464 0 0 0
47 0 0 0 0 0 5795840 10981376 2883584 13893632 0 0 0 0
48 0 0 0 0 0 16777216 0 0 16777216 0 0 0 0
49 0 0 0 256 0 1902336 14874624 16776960 0 0 0 0 0
50 0 0 0 0 0 557824 16219392 0 16711680 65536 0 0 0
51 0 0 0 0 0 13038592 3738624 0 0 16777216 0 0 0
52 0 0 0 0 0 1071616 15705600 401408 16367616 8192 0 0 0
53 0 0 0 0 0 0 16777216 0 0 16777216 0 0 0
54 0 0 0 0 0 7273216 9504000 131072 16449536 196608 0 0 0
55 0 0 0 0 0 0 16777216 0 16777216 0 0 0 0
56 0 0 0 0 0 16699392 77824 0 16777216 0 0 0 0
57 0 0 0 0 0 0 16777216 0 0 16777216 0 0 0
58 0 0 0 0 0 376832 16403968 16780800 0 0 0 0 0
59 0 0 0 0 0 4556544 12220672 16777216 0 0 0 0 0
60 0 0 0 0 0 206336 16570880 16777216 0 0 0 0 0
61 0 0 0 0 0 550400 16226816 16777216 0 0 0 0 0
62 0 0 0 39424 4096 1087488 15808768 65536 0 16507136 0 323584 0
63 0 0 0 0 0 125440 16651776 4096 16768000 5120 0 0 0
64 0 0 0 0 40960 957696 15837440 44032 16662016 64512 20480 4096 0
65 0 0 0 0 8192 813824 15955200 24576 16699392 45056 0 0 0
66 0 0 0 0 81920 650240 16141056 32768 16638720 13312 49152 57344 0
67 0 0 0 0 8192 660480 16108544 5376 16756480 7168 0 0 0
68 0 0 0 0 8192 690176 16084736 3072 16767744 4096 0 0 0
69 0 0 0 0 16384 1180928 15579904 30720 16676864 45056 0 8192 0
70 0 0 0 0 0 445184 16345856 0 16791040 0 0 0 0
71 0 0 0 0 0 679936 16097280 0 16777216 0 0 0 0
72 0 0 0 0 16384 895488 15968000 26112 16833280 0 4096 0 0
73 0 0 0 0 0 0 16777216 0 16777216 0 0 0 0
74 0 0 0 0 26624 462592 16326912 4096 16785408 0 0 0 0
75 0 0 0 0 0 794624 15982592 0 16777216 0 0 0 0
76 0 0 0 0 0 2155520 14673920 4096 16825344 0 0 0 0
77 0 0 0 86016 6144 516096 16168960 0 0 16676864 0 8192 0
78 0 0 0 22528 16384 122624 16679168 0 0 16801792 0 0 0
79 0 0 0 26624 0 183296 16567296 0 0 16750592 0 0 0
80 0 0 0 51200 0 322560 16501760 0 4096 16762880 0 57344 0
81 0 0 0 47104 8192 935936 15785984 266240 0 16324608 0 131072 0
82 0 0 0 4096 0 351488 16467200 131072 0 16564736 0 122880 0
83 0 0 0 55296 0 553984 16167936 0 0 16719872 0 2048 0
84 0 0 0 45056 0 138240 16627456 0 0 16659200 0 106496 0
85 0 0 0 208896 0 529920 16038400 0 0 16568320 0 0 0
86 0 0 0 18432 0 797440 15963136 0 0 16760576 0 0 0
87 0 0 0 16384 2048 202496 16556288 0 0 16750592 0 8192 0
88 0 0 0 86016 0 151552 16569856 0 0 16721408 0 0 0
89 0 0 0 28672 2048 392448 16354048 0 8192 16738304 0 0 0
90 0 0 0 0 0 773888 16003328 0 0 16777216 0 0 0
91 0 0 0 238592 22528 463616 16052480 0 512 16515584 0 0 0
92 0 0 0 176128 0 1389824 15286272 0 0 16676096 0 0 0
93 0 0 0 57344 0 402176 16317696 0 5120 16714752 0 0 0
94 0 0 0 64000 8192 556032 16229888 40960 3328 16741632 0 0 0
95 0 0 0 6144 65536 329984 16375552 0 13312 16692224 0 0 0
96 0 0 0 0 0 489472 16303360 32768 16747776 12288 0 0 0
97 0 0 0 0 0 362752 16414464 0 16777216 0 0 0 0
98 0 0 0 0 4096 608768 16177408 0 16786176 0 0 0 0
99 0 0 0 0 0 1722624 15054592 0 16777216 0 0 0 0
100 4194304 0 0 0 0 1072384 11514368 0 12586752 0 0 0 0
101 0 0 0 0 0 3843584 12933632 16777216 0 0 0 0 0
102 0 0 0 10589696 1608192 760832 3818496 0 0 0 0 4579328 0
103 0 0 0 5052928 423680 3495100 7805508 11287296 9216 4096 0 0 0
104 0 0 0 0 16384 455168 16534784 8192 16979712 2048 0 0 0
105 0 0 0 0 0 1614592 15162624 0 0 0 0 16777216 0
106 0 0 0 0 0 3243264 13533952 16777216 0 0 0 0 0
107 0 0 0 0 4096 6406656 10366464 0 16756224 16896 0 0 0
108 0 0 0 0 0 1765120 16061696 0 17826816 0 0 0 0
109 0 0 0 59392 0 387072 16330752 65536 0 16652288 0 0 0
110 0 0 0 0 4096 706304 16070912 16777216 0 0 0 0 0
111 0 0 0 0 0 814848 15962368 16777216 0 0 0 0 0
112 0 0 0 0 0 362496 16418560 16781056 0 0 0 0 0
113 0 0 0 0 8192 453376 16315648 16736256 0 32768 0 0 0
114 0 0 0 0 0 1876992 15885824 17762816 0 0 0 0 0
115 0 0 0 0 1024 2144512 14631680 16776192 0 0 0 0 0
116 0 0 0 0 35840 4339456 12410880 16750336 0 0 0 0 0
117 0 0 0 0 2048 898816 15876352 16775168 0 0 0 0 0
118 0 0 0 0 0 1162240 15628800 16791040 0 0 0 0 0
119 0 0 0 0 5120 1315840 15456256 16772096 0 0 0 0 0
120 0 0 0 2048 0 1007360 15996672 17004032 0 0 0 0 0
121 0 0 0 1024 0 466944 16309248 16776192 0 0 0 0 0
122 0 0 0 0 1024 1058304 15717888 16776192 0 0 0 0 0
123 0 0 0 0 65536 882432 15829248 16711680 0 0 0 0 0
124 0 0 0 0 0 1234944 15548416 16783360 0 0 0 0 0
125 0 0 0 0 0 249600 16527616 16777216 0 0 0 0 0
126 0 0 0 0 0 0 16777216 16777216 0 0 0 0 0
127 16777216 0 0 0 0 0 0 0 0 0 0 0 0
128 0 0 0 4096 0 3016704 13947904 655360 13226496 3017216 65536 0 0
129 0 0 0 0 0 3998720 12778496 917504 12320768 2949120 65536 524288 0
130 0 0 0 4096 65536 5091328 11619072 1310720 10027008 5372672 0 0 0
131 0 0 0 0 13312 3598336 13165568 1114112 12517376 2555904 576512 0 0
132 0 0 0 0 66560 1502464 15209728 475136 13090816 2621440 524800 0 0
133 0 0 0 0 0 6545664 10231552 16777216 0 0 0 0 0
134 0 0 0 0 65536 4558336 12235008 1057792 10357760 5377792 0 0 0
135 0 0 0 0 0 9331712 7445504 6144 16637952 133120 0 0 0
136 0 0 0 0 0 8917504 7893248 540672 14962688 1307392 0 0 0
137 0 0 0 0 65536 4325632 12386048 1048576 11993088 3080192 0 589824 0
138 0 0 0 0 163840 5870592 10853120 1376256 10450944 3932160 964352 0 0
139 0 0 0 65536 3072 5814272 10894336 4322304 6610944 5578752 65536 131072 0
140 0 0 0 0 131072 6695168 10310912 3674112 12152320 1048576 131072 0 0
141 0 0 0 65536 65536 3850240 12795904 459776 6750720 9435648 0 0 0
142 0 0 0 0 1024 6803456 9984768 0 16747264 40960 0 0 0
143 0 0 0 0 134144 4620288 12022784 1122304 12312576 2490368 586752 131072 0
144 0 0 0 0 197632 7065344 9970688 1982720 11989760 2932480 131072 0 0
145 0 0 0 0 0 3803648 12973568 0 0 16777216 0 0 0
146 0 0 0 2048 263168 6811392 9867008 787968 10148096 5054208 262144 425984 0
147 0 0 0 65536 65536 5754368 10891776 1282048 9367552 5865472 65536 65536 0
148 0 0 0 0 2048 8514048 8510720 495616 10212608 2712064 3604480 0 0
149 0 0 0 6144 65024 5410016 11296032 475136 9851392 6379520 0 0 0
150 0 0 0 0 1024 6823936 10084608 8458752 6350592 1443840 655360 0 0
151 0 0 0 0 654336 3955200 12167680 163840 5746688 10212352 0 0 0
152 0 0 0 65536 65536 3533824 13112320 1310720 10354688 1245184 3276800 458752 0
153 0 0 0 0 0 2150912 14626304 9764864 5832704 1179648 0 0 0
154 0 0 0 7168 61440 691456 16017152 233472 3670016 225280 0 12579840 0
155 0 0 0 0 65536 5808128 10903552 722432 12638720 2105344 65536 1179648 0
156 0 0 0 0 66560 5267456 11695360 589824 7788288 1704448 65536 6814720 0
157 0 0 0 0 393216 5930688 10453312 5955584 7020544 3145728 262144 0 0
158 0 0 0 0 65536 6410240 10407936 1933312 9387776 5234944 262144 0 0
159 0 0 0 0 65536 8183040 8528640 882176 10574848 5123584 131072 0 0
160 0 0 3072 18688 558336 5249536 11090176 3737344 5437440 3668480 65792 3430656 0
161 0 0 0 0 69888 7616768 9090560 1696768 10160896 3538944 1245184 65536 0
162 0 0 0 2048 102912 5437696 11522560 532480 15763456 597760 66560 0 0
163 0 0 0 0 524032 7401472 8851712 5898496 3997696 5439488 262144 655360 0
164 0 0 0 4096 0 9426176 7480320 1286144 10243840 4326656 460032 589824 0
165 0 0 0 0 457728 7026176 9293312 2419712 10618880 331776 196608 2752512 0
166 0 0 0 0 131072 5275392 11387136 917504 14860288 622592 196608 65536 0
167 0 0 0 0 71680 9597952 7107584 733184 14327808 532480 1112064 0 0
168 0 0 0 0 76032 5508096 11267584 1573888 12507392 197120 1514240 983040 0
169 65536 0 0 0 67584 11469824 5174272 1179648 12845056 2097152 65536 456704 0
170 0 0 0 0 131072 8665344 8530688 342784 14874624 267264 1711360 0 0
171 0 0 0 2048 0 6763008 10012160 9633792 5963776 1177600 0 0 0
172 1048576 0 0 0 13824 541952 15178496 673792 14982144 64512 0 0 0
173 0 0 0 0 20480 1342976 15413760 8192 16711680 36864 0 0 0
174 0 0 0 0 0 623616 16157440 4096 16776960 0 0 0 0
175 0 0 0 1024 1024 648704 16126464 16775168 0 0 0 0 0
176 0 0 0 94976 5376 784640 16129024 0 20480 16893184 0 0 0
177 0 0 0 0 107008 554496 16115712 0 0 0 16670208 0 0
178 0 0 0 47104 0 904192 16381440 0 0 17285632 0 0 0
179 0 0 0 0 47360 1107584 15622272 0 0 0 16729856 0 0
180 0 0 0 0 0 885248 15913216 16798464 0 0 0 0 0
181 0 0 0 0 11264 2103040 14662912 0 0 0 16765952 0 0
182 0 0 0 256 1024 638208 16163328 16801536 0 0 0 0 0
183 0 0 0 0 0 128000 16649216 16777216 0 0 0 0 0
184 0 0 0 0 0 2676992 14104064 131072 16649984 0 0 0 0
185 0 0 0 35584 85248 3460096 13196288 1024 2816 16652544 0 0 0
186 0 0 0 0 56576 1391616 15332864 0 0 0 16724480 0 0
187 0 0 0 0 92160 1290752 15394304 0 0 0 16685056 0 0
188 0 0 0 49408 0 934656 15980288 32768 0 16882176 0 0 0
189 0 0 0 0 94208 1179392 15503616 0 0 0 16683008 0 0
190 0 0 0 0 197888 566016 16036864 0 0 0 16602880 0 0
191 0 0 0 0 5376 660224 16111616 0 0 0 16771840 0 0
192 66304 0 4608 92416 121344 6761920 9794624 881408 12297216 2999040 187904 190464 512
193 0 0 0 898752 13568 2326848 13538048 65536 131072 15570752 0 97536 0
194 0 0 0 1023464 4352 1730456 14092928 65536 256 15731736 0 25856 0
195 0 0 0 199456 4096 1161440 15412224 0 4096 16532704 0 36864 0
196 0 0 0 61696 134400 2887680 13712384 15616 109312 13312 62464 16399360 0
197 0 0 0 221184 46080 478208 16031744 0 0 0 0 16509952 0
198 131328 0 0 256 51968 4981504 11659392 89344 16428928 58368 23552 40704 0
199 0 0 256 0 76288 5992704 10707968 9472 16598528 91904 768 0 0
200 0 0 0 0 156672 1283008 15421248 0 147456 0 16554752 2048 0
201 0 0 0 0 68864 1341408 15366944 0 0 0 16708352 0 0
202 0 0 0 1536 47872 3393536 13399296 16778240 6144 256 0 8192 0
203 256 0 0 256 55296 2686544 14034864 16713472 1792 6144 0 0 0
204 0 0 256 1536 17920 4125440 12668928 4352 16709376 65792 5888 8960 0
205 0 0 256 0 6912 5970944 10799104 74496 16694784 256 256 256 0
206 0 0 0 0 24320 3174144 13646848 8192 16783360 16384 12800 256 0
207 0 0 0 0 49664 1987584 14739968 59392 16496640 40448 131072 0 0
208 0 0 0 0 59904 600320 16198400 8704 16787968 1024 0 1024 0
209 0 0 0 0 69632 1717248 14990336 12288 16514048 46080 110592 24576 0
210 0 0 0 0 32768 1188320 15820576 17008896 0 0 0 0 0
211 0 0 0 0 0 863712 15913504 16777216 0 0 0 0 0
212 0 0 0 91136 0 812544 15887616 71168 4352 16493568 0 131072 0
213 0 0 0 108544 10240 523264 16135168 0 1536 16493056 0 163840 0
214 0 0 0 0 0 0 16777216 0 16777216 0 0 0 0
215 0 0 0 0 0 8388608 8388608 0 16777216 0 0 0 0
216 0 0 0 0 55808 913920 15853568 59392 16604928 33536 65536 4096 0
217 0 0 0 40960 0 287232 16449024 65536 2048 16295936 0 372736 0
218 0 0 0 0 1792 397440 16517248 16914688 0 0 0 0 0
219 0 0 0 0 0 269312 16507904 16777216 0 0 0 0 0
220 0 0 0 0 3072 1453568 15324928 16777472 0 1024 0 0 0
221 0 0 0 0 0 177408 16599808 16777216 0 0 0 0 0
222 0 0 0 0 0 90880 16686336 16777216 0 0 0 0 0
223 0 0 0 0 1024 1218558 15557634 16776192 0 0 0 0 0
224 0 16777216 0 0 0 0 0 0 0 0 0 0 0
225 0 16777216 0 0 0 0 0 0 0 0 0 0 0
226 0 16777216 0 0 0 0 0 0 0 0 0 0 0
227 0 16777216 0 0 0 0 0 0 0 0 0 0 0
228 0 16777216 0 0 0 0 0 0 0 0 0 0 0
229 0 16777216 0 0 0 0 0 0 0 0 0 0 0
230 0 16777216 0 0 0 0 0 0 0 0 0 0 0
231 0 16777216 0 0 0 0 0 0 0 0 0 0 0
232 0 16777216 0 0 0 0 0 0 0 0 0 0 0
233 0 16777216 0 0 0 0 0 0 0 0 0 0 0
234 0 16777216 0 0 0 0 0 0 0 0 0 0 0
235 0 16777216 0 0 0 0 0 0 0 0 0 0 0
236 0 16777216 0 0 0 0 0 0 0 0 0 0 0
237 0 16777216 0 0 0 0 0 0 0 0 0 0 0
238 0 16777216 0 0 0 0 0 0 0 0 0 0 0
239 0 16777216 0 0 0 0 0 0 0 0 0 0 0
240 16777216 0 0 0 0 0 0 0 0 0 0 0 0
241 16777216 0 0 0 0 0 0 0 0 0 0 0 0
242 16777216 0 0 0 0 0 0 0 0 0 0 0 0
243 16777216 0 0 0 0 0 0 0 0 0 0 0 0
244 16777216 0 0 0 0 0 0 0 0 0 0 0 0
245 16777216 0 0 0 0 0 0 0 0 0 0 0 0
246 16777216 0 0 0 0 0 0 0 0 0 0 0 0
247 16777216 0 0 0 0 0 0 0 0 0 0 0 0
248 16777216 0 0 0 0 0 0 0 0 0 0 0 0
249 16777216 0 0 0 0 0 0 0 0 0 0 0 0
250 16777216 0 0 0 0 0 0 0 0 0 0 0 0
251 16777216 0 0 0 0 0 0 0 0 0 0 0 0
252 16777216 0 0 0 0 0 0 0 0 0 0 0 0
253 16777216 0 0 0 0 0 0 0 0 0 0 0 0
254 16777216 0 0 0 0 0 0 0 0 0 0 0 0
255 16777216 0 0 0 0 0 0 0 0 0 0 0 0
